134.63789400     0.00000000     0.00000000
-68.56842800   118.76400100     0.00000000
  0.00000000     0.00000000    80.34645100
107.86820000     0.01412798     0.04918189     0.82071330
107.86820000     0.07294093     0.04595954     0.80800870
107.86820000     0.12842050     0.03930499     0.80041020
107.86820000     0.21359250     0.01793797     0.83494320
107.86820000     0.26462740     0.01208602     0.97600280
107.86820000     0.30656350     0.04374857     0.99788810
107.86820000     0.35535230     0.01189775     0.99323560
107.86820000     0.41997530     0.04426571     0.99609440
107.86820000     0.45480880     0.03902711     0.96090100
107.86820000     0.50353550     0.01887019     0.92332700
107.86820000     0.56655950     0.04920689     0.81935100
107.86820000     0.71125530     0.00066669     0.63727670
107.86820000     0.75153180     0.01134685     0.63996640
107.86820000     0.82227530     0.02676634     0.72563800
107.86820000     0.84553830     0.04491100     0.77843630
107.86820000     0.89127440     0.04716818     0.78259590
107.86820000     0.97815420     0.04972590     0.81130820
107.86820000     0.02768041     0.09875790     0.89003410
107.86820000     0.08352361     0.09373078     0.84388320
107.86820000     0.11159440     0.08276158     0.80557080
107.86820000     0.20859140     0.06380482     0.83134090
107.86820000     0.26383970     0.07401876     0.90445480
107.86820000     0.32186590     0.05737328     0.97416690
107.86820000     0.38059660     0.06906631     0.97933240
107.86820000     0.43649400     0.06873904     0.99806910
107.86820000     0.46110240     0.08802630     0.99814490
107.86820000     0.51087360     0.05868269     0.93370530
107.86820000     0.56160020     0.10459810     0.88586350
107.86820000     0.61116530     0.10084680     0.69361550
107.86820000     0.81704000     0.10335560     0.77970260
107.86820000     0.87068720     0.08133188     0.80940260
107.86820000     0.91651150     0.08739012     0.86434340
107.86820000     0.97468340     0.10397980     0.88655300
107.86820000     0.00663220     0.13993220     0.90346050
107.86820000     0.06090562     0.13515060     0.88771060
107.86820000     0.12953200     0.15959800     0.86432660
107.86820000     0.17914700     0.15776620     0.80810540
107.86820000     0.26876250     0.11325380     0.86769380
107.86820000     0.31656480     0.12722290     0.92040810
107.86820000     0.38277290     0.11392850     0.94908820
107.86820000     0.40283720     0.11112080     0.94930280
107.86820000     0.46639400     0.12488280     0.98041020
107.86820000     0.50622060     0.14525520     0.95315360
107.86820000     0.57563570     0.12087530     0.86134370
107.86820000     0.61422930     0.12978380     0.79495990
107.86820000     0.82297790     0.16072810     0.78160420
107.86820000     0.87664690     0.13108960     0.81084370
107.86820000     0.93711470     0.13794180     0.86859490
107.86820000     0.99147680     0.14949080     0.90362370
107.86820000     0.01322594     0.17202980     0.92099150
107.86820000     0.06922061     0.21279810     0.91177760
107.86820000     0.12373530     0.21152320     0.87134150
107.86820000     0.16892620     0.19513960     0.86589140
107.86820000     0.22809450     0.19298430     0.83578990
107.86820000     0.31492220     0.16931100     0.90169640
107.86820000     0.34868560     0.17018240     0.92602850
107.86820000     0.39110010     0.19349480     0.91853380
107.86820000     0.47467100     0.17215190     0.92390290
107.86820000     0.51640630     0.18213010     0.93381000
107.86820000     0.56435760     0.17987500     0.81402280
107.86820000     0.61305010     0.16863320     0.72652950
107.86820000     0.81464960     0.17549180     0.75729810
107.86820000     0.87628370     0.16711690     0.81138650
107.86820000     0.93012250     0.17157910     0.87967430
107.86820000     0.97643030     0.19691680     0.89892780
107.86820000     0.03458668     0.23665360     0.91735420
107.86820000     0.06952504     0.23968120     0.90421910
107.86820000     0.14871460     0.27081610     0.89290090
107.86820000     0.17272940     0.23282460     0.86821420
107.86820000     0.23062070     0.23039680     0.83755390
107.86820000     0.32165890     0.26753940     0.83716270
107.86820000     0.37714300     0.22303850     0.91432990
107.86820000     0.40216680     0.23828440     0.89733190
107.86820000     0.44636460     0.23304240     0.86436160
107.86820000     0.51817560     0.22912520     0.80863810
107.86820000     0.57835250     0.22971710     0.78525040
107.86820000     0.61186410     0.22249900     0.70007620
107.86820000     0.67365660     0.27010600     0.64086540
107.86820000     0.82486830     0.23391470     0.72824730
107.86820000     0.88113030     0.24182750     0.80646480
107.86820000     0.93451100     0.23307310     0.86415900
107.86820000     0.96691420     0.23191120     0.88928860
107.86820000     0.03059375     0.28607260     0.88282800
107.86820000     0.09770146     0.29599680     0.90165070
107.86820000     0.16042940     0.31728920     0.94265280
107.86820000     0.18110340     0.32727500     0.91940410
107.86820000     0.22640110     0.30508280     0.88845370
107.86820000     0.29544930     0.32426910     0.84016950
107.86820000     0.36768600     0.30748030     0.89217350
107.86820000     0.39169210     0.32198840     0.88993480
107.86820000     0.48061830     0.30732960     0.88975920
107.86820000     0.50479480     0.32513620     0.88995450
107.86820000     0.59730120     0.28080840     0.66608920
107.86820000     0.87797780     0.29679480     0.80549870
107.86820000     0.93834820     0.28585000     0.83273070
107.86820000     0.98209060     0.30063630     0.87700250
107.86820000     0.01457067     0.33842780     0.85948100
107.86820000     0.08350459     0.34570040     0.86700560
107.86820000     0.15742200     0.34995980     0.94632760
107.86820000     0.16993600     0.37299430     0.94257510
107.86820000     0.22675040     0.37710220     0.89244990
107.86820000     0.30660560     0.34752040     0.84082900
107.86820000     0.38271590     0.37161730     0.88285970
107.86820000     0.43660170     0.34894520     0.90852410
107.86820000     0.48118180     0.37699920     0.93799990
107.86820000     0.51368910     0.37117060     0.89379310
107.86820000     0.56430820     0.38288600     0.84703510
107.86820000     0.87975560     0.34176340     0.69394000
107.86820000     0.93548180     0.34820940     0.77498030
107.86820000     0.99358070     0.33905170     0.83594410
107.86820000     0.02691223     0.39290350     0.79824580
107.86820000     0.09894941     0.40954420     0.80926490
107.86820000     0.14978920     0.39767250     0.86644420
107.86820000     0.20126370     0.40004420     0.89441630
107.86820000     0.22564250     0.41291020     0.89310890
107.86820000     0.31290310     0.42676960     0.86593020
107.86820000     0.35222660     0.41174010     0.90604800
107.86820000     0.40661160     0.43604650     0.90969980
107.86820000     0.47051110     0.40614760     0.92863970
107.86820000     0.50369690     0.39343610     0.93344960
107.86820000     0.56337310     0.42665900     0.90154570
107.86820000     0.61405810     0.43638470     0.77512590
107.86820000     0.93065660     0.39371910     0.72644670
107.86820000     0.95972570     0.39363710     0.75192560
107.86820000     0.04415272     0.45436330     0.69454160
107.86820000     0.09732049     0.44549310     0.75114960
107.86820000     0.15945350     0.45843490     0.80904100
107.86820000     0.18532910     0.44787690     0.83804580
107.86820000     0.22336230     0.44955370     0.83859330
107.86820000     0.32769490     0.44974470     0.86531070
107.86820000     0.37467780     0.45117050     0.92497370
107.86820000     0.39876270     0.46752150     0.92050690
107.86820000     0.45059390     0.46335040     0.93645430
107.86820000     0.51651520     0.47078830     0.91105280
107.86820000     0.55938530     0.48240160     0.88635970
107.86820000     0.62090080     0.45968370     0.77688280
107.86820000     0.97247310     0.47940720     0.64286390
107.86820000     0.09394935     0.50431280     0.66894210
107.86820000     0.11962710     0.50989810     0.64188990
107.86820000     0.20876020     0.50715820     0.78293310
107.86820000     0.25977240     0.51062420     0.75252520
107.86820000     0.28319230     0.50991650     0.77936140
107.86820000     0.37793420     0.50993500     0.80430020
107.86820000     0.42507620     0.50086490     0.84228990
107.86820000     0.47920760     0.50495710     0.90113160
107.86820000     0.50016960     0.50670720     0.88771770
107.86820000     0.57378780     0.54633410     0.85932060
107.86820000     0.63662310     0.53432130     0.75281170
107.86820000     0.67997140     0.53514210     0.67403660
107.86820000     0.15955500     0.60294620     0.69091640
107.86820000     0.19299150     0.59774540     0.69520190
107.86820000     0.26157280     0.56137850     0.66721070
107.86820000     0.29472090     0.55595010     0.67684910
107.86820000     0.43762730     0.56970000     0.71771820
107.86820000     0.48157580     0.56348220     0.83652310
107.86820000     0.53922120     0.57536330     0.83784120
107.86820000     0.56629980     0.55907680     0.83883680
107.86820000     0.65218560     0.55701600     0.75251610
107.86820000     0.67945850     0.55874460     0.69818480
107.86820000     0.03677193     0.64512610     0.64652670
107.86820000     0.07087949     0.65483400     0.66788130
107.86820000     0.11982660     0.64784820     0.69545770
107.86820000     0.18153420     0.65788490     0.74702240
107.86820000     0.23860110     0.65895310     0.69725900
107.86820000     0.53081600     0.62002950     0.66857240
107.86820000     0.57998060     0.61398360     0.72481130
107.86820000     0.61788710     0.64300790     0.66565630
107.86820000     0.04707857     0.69767350     0.66753770
107.86820000     0.09455029     0.66705570     0.77499380
107.86820000     0.13039860     0.70163310     0.78019420
107.86820000     0.18904390     0.71141880     0.77374540
107.86820000     0.23049870     0.67982060     0.74797520
107.86820000     0.28312290     0.71213580     0.65886690
107.86820000     0.61605900     0.67842340     0.66758990
107.86820000     0.04482004     0.73209970     0.66517150
107.86820000     0.09029071     0.72445330     0.71928450
107.86820000     0.15197860     0.77009390     0.78046340
107.86820000     0.16671740     0.73810860     0.77413120
107.86820000     0.22683290     0.75337820     0.77276460
107.86820000     0.29662570     0.76003620     0.72371290
107.86820000     0.37605220     0.76102240     0.67197440
107.86820000     0.39977630     0.77168620     0.67070670
107.86820000     0.10396150     0.79469490     0.66319450
107.86820000     0.15031270     0.80624990     0.78080830
107.86820000     0.20258840     0.82283540     0.80681600
107.86820000     0.25752220     0.82352090     0.86761570
107.86820000     0.32561230     0.82403900     0.86628570
107.86820000     0.35183590     0.81415200     0.84479340
107.86820000     0.41529780     0.82247890     0.75131630
107.86820000     0.46073580     0.81947260     0.66597470
107.86820000     0.09674498     0.87991030     0.69411860
107.86820000     0.15973790     0.86622420     0.84030140
107.86820000     0.19731750     0.86857480     0.86611700
107.86820000     0.26142190     0.87280190     0.91884740
107.86820000     0.28239680     0.87987210     0.93355260
107.86820000     0.35386400     0.86528170     0.91153000
107.86820000     0.38928250     0.87047530     0.86809170
107.86820000     0.45228680     0.88101320     0.78165170
107.86820000     0.08539279     0.89216980     0.69829690
107.86820000     0.15363630     0.89805070     0.83610470
107.86820000     0.21018750     0.92979990     0.88919800
107.86820000     0.26311840     0.90687630     0.94739510
107.86820000     0.30870860     0.92545980     0.96501010
107.86820000     0.34976490     0.93025450     0.96751030
107.86820000     0.39507790     0.91190910     0.92835400
107.86820000     0.47098680     0.93246790     0.86078050
107.86820000     0.50415570     0.91981430     0.75434550
107.86820000     0.03604268     0.99020090     0.71898100
107.86820000     0.07717783     0.99179380     0.77100330
107.86820000     0.16047630     0.97992060     0.80299680
107.86820000     0.21110850     0.96529740     0.89097520
107.86820000     0.26488130     0.97694890     0.98133180
107.86820000     0.32235030     0.97841330     0.99651050
107.86820000     0.36372130     0.98678930     0.99299780
107.86820000     0.40338250     0.99282780     0.98793070
107.86820000     0.46597760     0.98669050     0.94693030
107.86820000     0.51162960     0.97893430     0.83821190
107.86820000     0.56592580     0.98382000     0.72915980
107.86820000     0.70627250     0.98786800     0.66426240
107.86820000     0.75810820     0.98033950     0.64189840
107.86820000     0.80770590     0.99438460     0.64023940
107.86820000     0.84998570     0.99306470     0.64064810
107.86820000     0.90707830     0.99147860     0.63841010
107.86820000     0.98604730     0.97609340     0.66914850
